% launch angle information-------------------------------------------------
%--------------------------------------------------------------------------
site1BM1 = [143.7569         0         0         0         0         0;
             86.0000         0         0         0         0         0]; 
site1BM2 = [138.0000  146.0000  130.0000  158.0000  138.0000         0;
             89.3316   88.9787   89.1361   88.5886   88.5332         0];
site1BM3 = [136.0000  144.0000  128.0000  156.0000  138.0000  140.0000;
             89.4231   89.1439   89.2564   88.8932   88.8846   88.6330];
site1BM4 = [112.0000  128.0000  110.0000  146.0000  124.0000  128.0000;
             89.8514   89.7853   89.8061   89.7418   89.7102   89.6603];
%-------------------------------------------------------------------------- 
site2BM2 = [180.0000  176.0000  168.0000         0  166.0000         0;  
             89.1002   88.6224   89.0156         0   87.4776         0];
site2BM3 = [178.0000  174.0000  166.0000  180.0000  164.0000  162.0000;
             89.2543   88.9285   89.1849   88.5021   88.7251   88.4073];
site2BM4 = [170.0000  168.0000  154.0000  176.0000  156.0000  164.0000;
             89.8472   89.7646   89.8202   89.6836   89.7134   87.5357];
%--------------------------------------------------------------------------
site3BM2 = [200.0000  192.0000  186.0000         0  178.0000         0;
             89.1772   88.7872   89.1746         0   88.6089         0];
site3BM3 = [200.0000  190.0000  186.0000  192.0000  178.0000  174.0000;
             89.3153   89.0410   89.3125   88.6322   88.9231   88.6879];
site3BM4 = [202.0000  188.0000  188.0000  192.0000  172.0000  170.0000;
             89.8682   89.7973   87.2690   89.7086   89.7647   89.7147];
%--------------------------------------------------------------------------
site4BM2 = [209.2010  199.0000  197.0000         0  185.0000         0;
             89.1000   88.7188   89.1319         0   88.5937         0];              
site4BM3 = [209.0000  197.7070  195.0000  199.0000  185.0000  181.0000;
             89.2576   89.0000   89.2883   88.5542   88.9152   86.3903];
site4BM4 = [215.0000  199.0000  195.0000  199.0000  181.0000  175.0000;
             89.8502   89.7866   89.8606   89.6976   89.7661   89.7173];
%--------------------------------------------------------------------------